x
-1 1
1 0.0085715979999999997 1.8242499999999999
2 -0.082939680000000002 0.0001442491
3 1.7849540000000001e-06 0.5586797
4 -0.71144600000000002 0.00089553690000000003
5 -0.00072441560000000005 1.287944
6 -0.71123650000000005 8.9819109999999996e-05
7 7.8946730000000003e-06 1.3749659999999999
8 -0.90002099999999996 0.0001222835
9 2.2217299999999999e-10 1.23245
10 0 5
11 0 0.86718850000000003
12 0 0.863263
13 0.049809869999999999 1
14 0 0.5
15 0 0.59999999999999998
16 0.26124389999999997 1
17 0.0107735 0.77570190000000006
18 0 1
19 0.050822300000000001 0.91745949999999998
20 6.6714049999999997e-06 0.70851280000000005
21 0 1.987805
